end_node 16
1 35000000
2 15000000
3 29250000
4 28250000
5 35000000
6 15000000
7 29250000
8 28250000
9 35000000
10 15000000
11 29250000
12 28250000
13 35000000
14 15000000
15 29250000
16 28250000
chance_node 9
17 a1
18 a2
19 a3
20 a4
21 a5
22 a6
23 a7
24 a8
25 a9
decision_node 5
26 a5 y
27 a1 n
28 a2 n
29 a3 n
30 a4 n
edge_chance 19
31 17 1 0.72 s1
32 17 2 0.28 s2
33 18 3 0.72 s1
34 18 4 0.28 s2
35 19 5 0.457 s1
36 19 6 0.543 s2
37 20 7 0.457 s1
38 20 8 0.543 s2
39 21 9 0.216 s1
40 21 10 0.784 s2
41 22 11 0.216 s1
42 22 12 0.784 s2
43 23 13 0.6 s1
44 23 14 0.4 s2
45 24 15 0.6 s1
46 24 16 0.4 s2
47 25 27 0.6025 I0
48 25 28 0.335 I1
49 25 29 0.0625 I2
edge_decision 10
50 27 17 a1
51 27 18 a2
52 28 19 a1
53 28 20 a2
54 29 21 a1
55 29 22 a2
56 30 23 a1
57 30 24 a2
58 26 25 z_probka
59 26 30 bez_probki
